54071463343
03222875412
78091499322
52111724162
90090185129
60042416225
70101471388
95030432893
82102692176
89062539293
05290517937
91112845287
87061711573
86081337213
09212688514
71082434144
91032024788
55042927923
03313065964
93031572217
86071972174
67111391562
64122884184
68091822354
94042914674
95031751973
82121796989
83053061271
68070398669
86030147478
54012844424
85042094383
71020628794
95042555638
04250413355
73120824883
92021139384
66082932617
99030643783
51012376511
63011858349
52061323691
87050337225
58062633863
08311832743
78070116927
78012583819
95051294685
81021257952
94100196422
